255 255 0
255 252 0
255 249 0
255 246 0
255 243 0
255 240 0
255 237 0
255 234 0
255 231 0
255 228 0
255 225 0
255 222 0
255 219 0
255 216 0
255 213 0
255 210 0
255 207 0
255 204 0
255 201 0
255 198 0
255 195 0
255 192 0
255 189 0
255 186 0
255 183 0
255 180 0
255 177 0
255 174 0
255 171 0
255 168 0
255 165 0
255 162 0
255 159 0
255 156 0
255 153 0
255 150 0
255 147 0
255 144 0
255 141 0
255 138 0
255 135 0
255 132 0
255 129 0
255 126 0
255 123 0
255 120 0
255 117 0
255 114 0
255 111 0
255 108 0
255 105 0
255 102 0
255 99 0
255 96 0
255 93 0
255 90 0
255 87 0
255 84 0
255 81 0
255 78 0
255 75 0
255 72 0
255 69 0
255 66 0
255 63 0
255 60 0
255 57 0
255 54 0
255 51 0
255 48 0
255 45 0
255 42 0
255 39 0
255 36 0
255 33 0
255 30 0
255 27 0
255 24 0
255 21 0
255 18 0
255 15 0
255 12 0
255 9 0
255 6 0
255 3 0
255 0 0
255 0 2
255 0 3
255 0 5
255 0 6
255 0 8
255 0 9
255 0 11
255 0 12
255 0 14
255 0 15
255 0 17
255 0 18
255 0 20
255 0 21
255 0 23
255 0 24
255 0 26
255 0 27
255 0 29
255 0 30
255 0 32
255 0 33
255 0 35
255 0 36
255 0 38
255 0 39
255 0 41
255 0 42
255 0 44
255 0 45
255 0 47
255 0 48
255 0 50
255 0 51
255 0 53
255 0 54
255 0 56
255 0 57
255 0 59
255 0 60
255 0 62
255 0 63
255 0 65
255 0 66
255 0 68
255 0 69
255 0 71
255 0 72
255 0 74
255 0 75
255 0 77
255 0 78
255 0 80
255 0 81
255 0 83
255 0 84
255 0 86
255 0 87
255 0 89
255 0 90
255 0 92
255 0 93
255 0 95
255 0 96
255 0 98
255 0 99
255 0 101
255 0 102
255 0 104
255 0 105
255 0 107
255 0 108
255 0 110
255 0 111
255 0 113
255 0 114
255 0 116
255 0 117
255 0 119
255 0 120
255 0 122
255 0 123
255 0 125
255 0 126
255 0 128
252 0 126
249 0 125
246 0 123
243 0 122
240 0 120
237 0 119
234 0 117
231 0 116
228 0 114
225 0 113
222 0 111
219 0 110
216 0 108
213 0 107
210 0 105
207 0 104
204 0 102
201 0 101
198 0 99
195 0 98
192 0 96
189 0 95
186 0 93
183 0 92
180 0 90
177 0 89
174 0 87
171 0 86
168 0 84
165 0 83
162 0 81
159 0 80
156 0 78
153 0 77
150 0 75
147 0 74
144 0 72
141 0 71
138 0 69
135 0 68
132 0 66
129 0 65
126 0 63
123 0 62
120 0 60
117 0 59
114 0 57
111 0 56
108 0 54
105 0 53
102 0 51
99 0 50
96 0 48
93 0 47
90 0 45
87 0 44
84 0 42
81 0 41
78 0 39
75 0 38
72 0 36
69 0 35
66 0 33
63 0 32
60 0 30
57 0 29
54 0 27
51 0 26
48 0 24
45 0 23
42 0 21
39 0 20
36 0 18
33 0 17
30 0 15
27 0 14
24 0 12
21 0 11
18 0 9
15 0 8
12 0 6
9 0 5
6 0 3
3 0 2
0 0 0